1 0
2 0.0001175
3 0.000277042
4 8.7333e-05
5 0.000114667
6 0.000115167
7 0.000130542
8 0.000151125
9 0.000135583
10 0.000154583
200 0.000192333
1 0
2 0.000103667
3 0.000262375
4 0.000102792
5 0.000106125
6 8.6333e-05
7 0.000126167
8 0.000114917
9 0.0001255
10 0.000132375
200 0.000137333
1 0
2 0.000255541
3 0.000226208
4 0.000139125
5 0.000135541
6 0.000184542
7 0.00018725
8 0.000192667
9 0.000209875
10 0.000481792
200 0.000328833
1 0
2 0.000102083
3 5.5709e-05
4 8.125e-05
5 7.975e-05
6 8.5208e-05
7 9.0292e-05
8 0.000105541
9 0.000154334
10 0.000168792
200 0.000163
1 0
2 0.000124708
3 0.000253791
4 9.5375e-05
5 0.000131833
6 0.000139
7 0.000138333
8 0.000160708
9 0.000174667
10 0.000170583
200 0.000166417
1 0
2 0.000105542
3 0.000234125
4 0.000134709
5 0.000142208
6 0.000132083
7 0.000165917
8 0.000197833
9 0.0001675
10 0.000208708
200 0.000195542
1 0
2 0.000104125
3 0.000268459
4 9.3708e-05
5 6.2708e-05
6 7.5708e-05
7 0.000131834
8 0.000120583
9 0.000124041
10 0.000143875
200 0.000146125
1 0
2 0.0001135
3 0.000238375
4 7.5167e-05
5 8.6667e-05
6 0.000135291
7 0.000155584
8 0.000171791
9 0.00023675
10 0.000194041
200 0.000162667
1 0
2 0.000276167
3 0.000193375
4 0.000178875
5 0.000176625
6 0.000421958
7 0.000220417
8 0.000239792
9 0.000252875
10 0.000263459
200 0.000258708
